85
215
320
394
548
782
796
807
893
938
1081
1085
1088
1098
1106
1111
1118
1124
1129
1154
1155
1173
1174
1179
1180
1187
1204
1205
1219
1225
1229
1236
1240
1242
1244
1249
1252
1255
1256
1258
1263
1265
1280
1285
1303
1315
1323
1333
1334
1340
1345
1346
1347
1351
1365
1378
1379
1390
1402
1403
1405
1415
1427
1428
1443
1445
1446
1447
1453
1455
1459
1465
1470
1472
1474
1478
1482
1483
1487
1488
1493
1514
1526
1533
1547
1550
1556
1557
1566
1568
1572
1580
1583
1584
1585
1586
1594
1603
1612
1614
1625
1631
1635
1637
1649
1650
1659
1663
1665
1666
1671
1673
1674
1677
1678
1698
1702
1706
1710
1711
1717
1723
1725
1737
1739
1743
1747
1752
1754
1758
1760
1767
1773
1778
1782
1786
1791
1792
1799
1802
1804
1813
1815
1816
1823
1827
1836
1840
1842
1845
1847
1853
1854
1866
1867
1868
1869
1881
1884
1886
1889
1891
1893
1897
1899
1900
1901
1909
1911
1912
1918
1920
1921
1922
1924
1926
1927
1931
1938
1939
1944
1947
1948
1949
1950
1951
1955
1959
1960
1964
1965
1967
1968
1979
1985
1992
1993
1994
1998
2002
